feature1,feature2,label
0.7865417731459807,0.3242736449806142,1
0.003467001486668675,0.9689745240740892,0
0.21344051068503178,0.1719769298419006,0
0.4164502628228366,0.12993996324937662,0
0.9402054408788828,0.4891785748577082,1
0.8602120765263179,0.11228114565023073,1
0.5741861959384629,0.33204802252372545,1
0.8353549431752771,0.5746005458986719,1
0.5704315469888385,0.619430874229543,1
0.7492254565097837,0.7200758788287107,0
0.8034194274298159,0.24194727286801443,1
0.4520295189285697,0.5306581741957705,0
0.3507939294503132,0.6647245183022743,0
0.12401380481944724,0.5502824543336423,1
0.4122734413637603,0.0932340296705273,1
0.18326875595424108,0.5999641159409409,1
0.8917091944469695,0.900907208448278,0
0.6829105457821166,0.09574288115769214,1
0.14525550689943867,0.14708778125006916,0
0.3842019846088671,0.18872446046278601,1
0.637130210989823,0.8598630865638627,1
0.14038885585781746,0.7265870412642341,1
0.34152839153104575,0.7473626701230222,1
0.6637748274875634,0.5968142261652014,1
0.40260401571953586,0.3723336645651594,0
0.550340932848692,0.19519767611817274,0
0.491898971695129,0.8251628873779053,0
0.6378027005408,0.3750092520219035,0
0.6628067993205211,0.5027318548801609,1
0.8051971118030649,0.8103540918103882,0
0.761808048881323,0.6369095636086718,0
0.006200762156023276,0.1607332895710507,1
0.99484298845983,0.6010857736187496,0
0.44868174748546374,0.5995544821793682,0
0.671598357435594,0.795505375428102,0
0.2299769896446573,0.32234278011001316,1
0.7382627041291552,0.9482214392656254,0
0.09662803376973805,0.8042614306879103,0
0.8055537227870957,0.24218108957096984,1
0.6250287852953297,0.6113204731749828,1
0.8517488785224171,0.305761909509914,0
0.35331844462240247,0.7860135795879463,1
0.39968919652870494,0.8536263659543692,1
0.7192966646777634,0.7209677235531677,0
0.7454727690879411,0.26262120601628747,0
0.8565632716575221,0.07053839704916498,0
0.9034174811616901,0.3688076559105363,1
0.04714360691379704,0.2456716879210047,0
0.3062373520271615,0.5393630617806763,0
0.030873464523597183,0.38240361157510927,0
0.9741170523532675,0.939507019822379,1
0.6568020474471488,0.8150184337908061,1
0.7858774544659658,0.773890867028226,1
0.8713744814690073,0.3385789701118931,1
0.5391380013156732,0.6294553532163538,1
0.9318542291918421,0.09618150118825097,0
0.6093948495852709,0.31026019277852634,0
0.8548023780589156,0.813383396879934,0
0.02079808647579806,0.8603173980535939,1
0.88104075351605,0.5206371654915752,0
0.41825759662104567,0.7154343030023184,1
0.3585894856745113,0.06466146582601118,0
0.4858777232411232,0.9953157808711159,1
0.73531715597659,0.425291991189537,0
0.9668216344087308,0.9669833647269268,0
0.3171597856366406,0.9801323266705431,0
0.39969154102884885,0.2929191035443349,1
0.98880543120954,0.6014384769993752,0
0.6829376865142094,0.9607369581458312,0
0.3995251893980575,0.16147009807062251,1
0.6855226940364079,0.9515387507873716,0
0.2778347967579716,0.7363279131509998,1
0.643796457300071,0.5586672548857952,0
0.6986966066855971,0.8407212284802137,1
0.7772944964107436,0.3801963911704974,0
0.7952111317116066,0.6336451079014752,1
0.2790517865634482,0.9292680259590367,0
0.3698887131849392,0.8718532541694245,0
0.3783984753875915,0.9882787056658382,0
0.7573433497267569,0.5338865644877797,0
0.9292340521538264,0.6398012779694466,1
0.566962762161388,0.025964026967662535,1
0.8070732946173317,0.830850653797221,1
0.1112802525382639,0.8136644914746829,1
0.7175657460434117,0.30596326457457634,0
0.47449044781869176,0.8229641397275965,1
0.9422045067808275,0.9370865348832855,1
0.36811640668105294,0.7245998033147241,0
0.7136354265492632,0.2799808247365968,1
0.21640801077587146,0.6762505221348232,0
0.865924376257996,0.4123181453173329,1
0.9851217569586834,0.34124583891104443,0
0.768388046180056,0.7751518691117871,0
0.5524085064204471,0.24454643258798947,0
0.9164612508420403,0.8495321268450439,1
0.34130749473121047,0.9640042542552268,1
0.6451038481421889,0.18776958936693788,1
0.8976270789303247,0.8751374637201936,1
0.9303733181909088,0.33607090965230446,1
0.6631940165804588,0.9827904209639615,1
