feature1,feature2,label
0.8968664090008565,0.9076020189079408,1
0.34150550123332224,0.17499499829322684,0
0.24870537650622726,0.6482233881851291,1
0.16185951524832776,0.08804240760481397,0
0.41815525221581085,0.6416772274004792,1
0.7961361216221107,0.11945353262429481,0
0.9603160610728417,0.922388829226374,1
0.3102625458453788,0.4607690013951814,0
0.6542501763640337,0.439089866703842,0
0.6590557854978786,0.64026716956159,1
0.9965669458668035,0.533531058019852,0
0.2723344247935937,0.03632938803404573,0
0.2876719964194775,0.9177448430509371,0
0.1169067618015096,0.9850722998133574,0
0.5189709249370167,0.7742887872617202,1
0.2675757201883949,0.9053077842007775,0
0.5716992464398929,0.9729411201963889,1
0.05163823901732556,0.6118654657619433,1
0.9799504286537932,0.619661153672279,1
0.5758456976694201,0.5528056056256722,1
0.7396321151456068,0.3472488041182652,1
0.08254298371684843,0.5891143232609831,0
0.4066705170269509,0.0864684390809981,1
0.22082620743759396,0.9237176045480704,0
0.3015382027082525,0.3327246387072025,0
0.34428131049688615,0.20437533944278685,1
0.08179069615332701,0.3614604595217422,1
0.024870969712338264,0.3465849838216222,1
0.8860539103383795,0.5561145084523682,1
0.1841015637961969,0.7604348753421193,0
0.6342412559166809,0.42618698888162587,0
0.9656750627745561,0.5670938422907051,0
0.8851658111346411,0.4559306486140784,1
0.19927601887508772,0.6799498112678362,1
0.6938126375213012,0.5075617371582015,1
0.2929073643444223,0.3450796008163761,0
0.22642030286998316,0.8306085702163681,0
0.4406188840666194,0.09684100661508988,1
0.9863959023789155,0.5573101343582666,0
0.6482985941990606,0.7289721462585094,0
0.5449971673869287,0.04561597504435544,0
0.7068713008990645,0.352471112247559,0
0.16028747714596148,0.7316288077512851,1
0.7148597851768489,0.28581696661889144,1
0.6012432977154109,0.6451869726014454,0
0.038500956766420846,0.14986317271942384,0
0.5290711164613564,0.2079080891763958,1
0.8133262914892897,0.8757032044150069,1
0.6253850548673433,0.6007358531304002,1
0.07283845614760431,0.5020586529230444,1
0.7932994029638323,0.6491664281032362,1
0.023549595968506587,0.6462559675268538,1
0.022827824429840216,0.24070497832935445,0
0.81323381813043,0.23958292355260902,0
0.285231178528475,0.18279438817770732,1
0.09720435145556128,0.06023834996149935,1
0.04971393427718951,0.9771924151484399,0
0.062180397765164264,0.9882477898837099,0
0.1851081322947573,0.548773245747611,0
0.5179886550015668,0.031353059967591856,0
0.19268177637005124,0.7274910938570375,1
0.8210699440196348,0.2699543111676276,1
0.8883610732649903,0.7086587327886417,1
0.6089039098800507,0.8303118947529634,1
0.7511034057883899,0.2631558046729988,0
0.986514705217807,0.8181325454381712,1
0.12252687499026038,0.888142312100736,0
0.21534219629936413,0.00538936946697588,0
0.7634418747494056,0.24336751074307406,1
0.34496897160775375,0.11661992789168474,0
0.5235151628562691,0.5195079608066752,0
0.04808573508453806,0.05907827501421259,1
0.2297948339899588,0.6587623048058326,1
0.8019530733974647,0.20378336045344791,1
0.8820220506557874,0.9197088221246459,1
0.7693543185327874,0.23763696832503145,0
0.043733480609068565,0.8183592554629537,0
0.05960241079412609,0.7153303594384108,1
0.2957320533234533,0.2208476106342412,0
0.08309971677110084,0.3127636585366096,0
0.27457983489406257,0.4744453496508563,1
0.9120089851718173,0.46744613536626456,1
0.18407672086907845,0.14890353605461237,0
0.851951869869284,0.13551005801291705,1
0.3431075678070722,0.9660487777696684,0
0.3478227596569421,0.8183559775313787,0
0.8733734317532231,0.2833646830048081,1
0.6871561740790529,0.622142096000247,0
0.1367930313971103,0.3595198922480437,1
0.9740081302764251,0.06338051956188617,0
0.9847207139253812,0.8203989526569596,0
0.6889893753873184,0.5004047459596777,1
0.054481596046548675,0.5083702474698562,1
0.7684312960463303,0.23471797868246536,1
0.765273238681256,0.7982925661746173,1
0.7807625385617721,0.414732758357772,1
0.22617622815955396,0.4699526331990851,0
0.5560900842963781,0.894875402447542,1
0.10382436640246073,0.2994853420444573,1
0.4562506617420885,0.2846801467178688,0
